Large 8-mode Photonic Interferometer:
<perceval.rendering.canvas.mplot_canvas.MplotCanvas object at 0x000002E7C87B3310>

Input State:
|1,1,1,1,0,0,0,0>

Number of output states:
183

Top Output States:
|2,1,1,0,0,0,0,0>: 0.0817
|3,0,1,0,0,0,0,0>: 0.0466
|1,0,2,0,1,0,0,0>: 0.0412
|0,2,1,0,1,0,0,0>: 0.0381
|0,1,1,1,1,0,0,0>: 0.0374
|1,1,0,0,2,0,0,0>: 0.0362
|1,0,1,0,2,0,0,0>: 0.0362
|2,0,1,0,1,0,0,0>: 0.0309
|2,2,0,0,0,0,0,0>: 0.0293
|1,2,0,0,1,0,0,0>: 0.0262
|0,2,1,1,0,0,0,0>: 0.0256
|1,0,1,0,1,1,0,0>: 0.0236
|1,0,1,0,1,0,1,0>: 0.0236
|1,1,2,0,0,0,0,0>: 0.0234
|0,3,1,0,0,0,0,0>: 0.0233
